bass_enable=true
bass_maxgain=5
compression_aggressiveness=800
compression_enable=false
compression_maxatk=30
compression_maxrel=200
convolver_enable=false
convolver_file="/home/dnordstrom/.config/jamesdsp/irs/CorredHRTF_Crossfeed.wav"
convolver_optimization_mode=0
convolver_waveform_edit="-80;-100;0;0;0;0"
crossfeed_bs2b_fcut=450
crossfeed_bs2b_feed=65
crossfeed_enable=true
crossfeed_mode=99
ddc_enable=false
ddc_file="/home/dnordstrom/.config/jamesdsp/vdc/Butterworth.vdc"
graphiceq_enable=true
graphiceq_param="GraphicEQ: 20 -3.4; 21 -3.3; 22 -3.2; 23 -3.3; 24 -3.4; 26 -3.5; 27 -3.6; 29 -3.7; 30 -3.8; 32 -4; 34 -4.1; 36 -4.4; 38 -4.5; 40 -4.5; 43 -4.5; 45 -4.6; 48 -4.6; 50 -4.7; 53 -4.8; 56 -5; 59 -5.2; 63 -5.5; 66 -5.7; 70 -5.9; 74 -6.1; 78 -6.2; 83 -6.3; 87 -6.4; 92 -6.5; 97 -6.7; 103 -6.9; 109 -7; 115 -7.2; 121 -7.3; 128 -7.4; 136 -7.5; 143 -7.6; 151 -7.7; 160 -7.8; 169 -7.9; 178 -7.9; 188 -7.9; 199 -7.9; 210 -7.8; 222 -7.7; 235 -7.5; 248 -7.3; 262 -7; 277 -6.6; 292 -6.2; 309 -5.8; 326 -5.4; 345 -5; 364 -4.7; 385 -4.5; 406 -4.4; 429 -4.4; 453 -4.5; 479 -4.5; 506 -4.6; 534 -4.7; 565 -4.8; 596 -4.9; 630 -5.1; 665 -5.2; 703 -5.4; 743 -5.5; 784 -5.3; 829 -5.3; 875 -5.5; 924 -5.7; 977 -5.9; 1032 -6.1; 1090 -6.4; 1151 -6.6; 1216 -6.6; 1284 -6.5; 1357 -6.5; 1433 -6.7; 1514 -7.1; 1599 -7.1; 1689 -6.7; 1784 -6.2; 1885 -5.9; 1991 -5.9; 2103 -5.9; 2221 -5.5; 2347 -5.3; 2479 -5.1; 2618 -4.8; 2766 -4; 2921 -3.2; 3086 -2.7; 3260 -2.2; 3443 -1.6; 3637 -1.1; 3842 -0.6; 4058 -0.2; 4287 -0.7; 4528 -1.4; 4783 -2.9; 5052 -4.2; 5337 -5.8; 5637 -7.7; 5955 -8.8; 6290 -8.6; 6644 -7.3; 7018 -5.7; 7414 -4.7; 7831 -4.3; 8272 -4; 8738 -3.7; 9230 -3.3; 9749 -3; 10298 -3; 10878 -3.6; 11490 -4.3; 12137 -5.2; 12821 -6.2; 13543 -7.5; 14305 -8.9; 15110 -10.4; 15961 -12.1; 16860 -14; 17809 -16.1; 18812 -18.3; 19871 -20.7"
liveprog_enable=true
liveprog_file="/home/dnordstrom/.config/jamesdsp/liveprog/dynamicbass_high_end_headphones.eel"
master_enable=true
master_limrelease=60
master_limthreshold=-8
master_postgain=0
reverb_bassboost=0.30000
reverb_decay=0.50000
reverb_delay=0.00000
reverb_enable=false
reverb_finaldry=-7.00000
reverb_finalwet=-8.00000
reverb_lfo_spin=0.40000
reverb_lfo_wander=0.30000
reverb_lpf_bass=300
reverb_lpf_damp=10000
reverb_lpf_input=18000
reverb_lpf_output=18000
reverb_osf=1
reverb_reflection_amount=0.70000
reverb_reflection_factor=0.80000
reverb_reflection_width=0.60000
reverb_wet=-8.00000
reverb_width=0.90000
stereowide_enable=false
stereowide_level=40
tone_enable=false
tone_eq="25.0;40.0;63.0;100.0;160.0;250.0;400.0;630.0;1000.0;1600.0;2500.0;4000.0;6300.0;10000.0;16000.0;5;4.5;4;3.5;1.5;1;1.5;1.5;2;3;3.5;4;3.7;3;3"
tone_filtertype=0
tone_interpolation=0
tube_enable=false
tube_pregain=153
