bass_enable=true
bass_maxgain=5
compression_aggressiveness=800
compression_enable=false
compression_maxatk=30
compression_maxrel=200
convolver_enable=false
convolver_file="/home/dnordstrom/.config/jamesdsp/irs/CorredHRTF_Crossfeed.wav"
convolver_optimization_mode=0
convolver_waveform_edit="-80;-100;0;0;0;0"
crossfeed_bs2b_fcut=450
crossfeed_bs2b_feed=65
crossfeed_enable=true
crossfeed_mode=99
ddc_enable=false
ddc_file="/home/dnordstrom/.config/jamesdsp/vdc/Butterworth.vdc"
graphiceq_enable=true
graphiceq_param="GraphicEQ: 20 -4.1; 21 -3.9; 22 -3.8; 23 -3.8; 24 -3.8; 26 -3.8; 27 -3.8; 29 -3.8; 30 -3.8; 32 -3.9; 34 -4.1; 36 -4.3; 38 -4.3; 40 -4.1; 43 -4; 45 -4.1; 48 -4.4; 50 -4.7; 53 -5.1; 56 -5.4; 59 -5.5; 63 -5.7; 66 -5.8; 70 -5.8; 74 -5.8; 78 -5.8; 83 -5.8; 87 -5.9; 92 -6.1; 97 -6.3; 103 -6.5; 109 -6.5; 115 -6.7; 121 -6.7; 128 -6.7; 136 -6.8; 143 -6.7; 151 -6.5; 160 -6.4; 169 -6.3; 178 -6.2; 188 -6.1; 199 -6.1; 210 -6; 222 -5.6; 235 -5.2; 248 -4.8; 262 -4.4; 277 -4; 292 -3.6; 309 -3.3; 326 -3; 345 -2.8; 364 -2.6; 385 -2.4; 406 -2.3; 429 -2.1; 453 -2.1; 479 -2.4; 506 -2.8; 534 -3.2; 565 -3.4; 596 -3.7; 630 -4; 665 -4.1; 703 -4.2; 743 -4.3; 784 -4.5; 829 -4.8; 875 -4.6; 924 -4.4; 977 -4.6; 1032 -5; 1090 -5.4; 1151 -5.7; 1216 -6.1; 1284 -6.4; 1357 -6.6; 1433 -6; 1514 -5.9; 1599 -6.6; 1689 -6.9; 1784 -6.9; 1885 -6.1; 1991 -4.1; 2103 -3; 2221 -2.6; 2347 -2.5; 2479 -3; 2618 -3.4; 2766 -4.3; 2921 -4.6; 3086 -3.9; 3260 -2.6; 3443 -2.1; 3637 -1.9; 3842 -0.9; 4058 -0.5; 4287 -0.5; 4528 -0.2; 4783 -0.9; 5052 -1.1; 5337 -2.8; 5637 -4.7; 5955 -8; 6290 -6.5; 6644 -3.7; 7018 -3.4; 7414 -2.8; 7831 -2.7; 8272 -2.6; 8738 -2.1; 9230 -1.7; 9749 -1.3; 10298 -1.4; 10878 -2; 11490 -2.7; 12137 -3.7; 12821 -4.7; 13543 -6; 14305 -7.4; 15110 -9; 15961 -10.7; 16860 -12.6; 17809 -14.7; 18812 -16.9; 19871 -19.3"
liveprog_enable=true
liveprog_file="/home/dnordstrom/.config/jamesdsp/liveprog/dynamicbass_high_end_headphones.eel"
master_enable=true
master_limrelease=60
master_limthreshold=-8
master_postgain=0
reverb_bassboost=0.30000
reverb_decay=0.50000
reverb_delay=0.00000
reverb_enable=false
reverb_finaldry=-7.00000
reverb_finalwet=-8.00000
reverb_lfo_spin=0.40000
reverb_lfo_wander=0.30000
reverb_lpf_bass=300
reverb_lpf_damp=10000
reverb_lpf_input=18000
reverb_lpf_output=18000
reverb_osf=1
reverb_reflection_amount=0.70000
reverb_reflection_factor=0.80000
reverb_reflection_width=0.60000
reverb_wet=-8.00000
reverb_width=0.90000
stereowide_enable=false
stereowide_level=40
tone_enable=false
tone_eq="25.0;40.0;63.0;100.0;160.0;250.0;400.0;630.0;1000.0;1600.0;2500.0;4000.0;6300.0;10000.0;16000.0;5;4.5;4;3.5;1.5;1;1.5;1.5;2;3;3.5;4;3.7;3;3"
tone_filtertype=0
tone_interpolation=0
tube_enable=false
tube_pregain=153
