bass_enable=false
bass_maxgain=5
compression_aggressiveness=800
compression_enable=false
compression_maxatk=30
compression_maxrel=200
convolver_enable=false
convolver_file="/home/dnordstrom/.config/jamesdsp/irs/CorredHRTF_Crossfeed.wav"
convolver_optimization_mode=1
convolver_waveform_edit="-80;-100;0;0;0;0"
crossfeed_bs2b_fcut=450
crossfeed_bs2b_feed=65
crossfeed_enable=true
crossfeed_mode=99
ddc_enable=false
ddc_file="/home/dnordstrom/.config/jamesdsp/vdc/Butterworth.vdc"
graphiceq_enable=true
graphiceq_param="GraphicEQ: 20 -2.2; 21 -2; 22 -1.7; 23 -1.7; 24 -1.8; 26 -1.7; 27 -1.7; 29 -1.8; 30 -1.7; 32 -1.7; 34 -2; 36 -2.1; 38 -2.6; 40 -2.5; 43 -2.6; 45 -2.6; 48 -2.6; 50 -2.8; 53 -3.3; 56 -3.8; 59 -4.1; 63 -4.5; 66 -4.8; 70 -5; 74 -5.1; 78 -5.1; 83 -5.2; 87 -5.3; 92 -5.3; 97 -5.4; 103 -5.5; 109 -5.5; 115 -5.6; 121 -5.7; 128 -5.7; 136 -5.7; 143 -5.9; 151 -6; 160 -6; 169 -6.1; 178 -6.1; 188 -6; 199 -5.9; 210 -5.9; 222 -5.8; 235 -5.5; 248 -5.3; 262 -5; 277 -4.7; 292 -4.4; 309 -4; 326 -3.7; 345 -3.4; 364 -3.2; 385 -3.1; 406 -3.2; 429 -3.5; 453 -3.7; 479 -4; 506 -4.2; 534 -4.4; 565 -4.6; 596 -4.7; 630 -4.9; 665 -5; 703 -5; 743 -4.9; 784 -5; 829 -5.3; 875 -5.7; 924 -6.1; 977 -6.5; 1032 -6.7; 1090 -6.8; 1151 -6.5; 1216 -6.2; 1284 -6.6; 1357 -7; 1433 -7.2; 1514 -7.1; 1599 -6.6; 1689 -6.2; 1784 -6.3; 1885 -6.2; 1991 -5.6; 2103 -4.6; 2221 -3.9; 2347 -3.5; 2479 -3.1; 2618 -2.6; 2766 -2.5; 2921 -2.5; 3086 -2.3; 3260 -2.2; 3443 -2; 3637 -1.5; 3842 -1.2; 4058 -1; 4287 -1.8; 4528 -3.5; 4783 -4.7; 5052 -5.6; 5337 -6.8; 5637 -8.7; 5955 -8.9; 6290 -6.7; 6644 -4.3; 7018 -3.1; 7414 -3.3; 7831 -3; 8272 -2.3; 8738 -1.3; 9230 -0.7; 9749 -0.2; 10298 -0.2; 10878 -0.8; 11490 -1.5; 12137 -2.5; 12821 -3.7; 13543 -5.1; 14305 -6.7; 15110 -8.5; 15961 -10.6; 16860 -12.8; 17809 -15.3; 18812 -17.9; 19871 -20.8"
liveprog_enable=false
liveprog_file="/home/dnordstrom/.config/jamesdsp/liveprog/dynamicbass_high_end_headphones.eel"
master_enable=true
master_limrelease=60
master_limthreshold=-8
master_postgain=0
reverb_bassboost=0.30000
reverb_decay=0.50000
reverb_delay=0.00000
reverb_enable=false
reverb_finaldry=-7.00000
reverb_finalwet=-8.00000
reverb_lfo_spin=0.40000
reverb_lfo_wander=0.30000
reverb_lpf_bass=300
reverb_lpf_damp=10000
reverb_lpf_input=18000
reverb_lpf_output=18000
reverb_osf=1
reverb_reflection_amount=0.70000
reverb_reflection_factor=0.80000
reverb_reflection_width=0.60000
reverb_wet=-8.00000
reverb_width=0.90000
stereowide_enable=false
stereowide_level=40
tone_enable=false
tone_eq="25.0;40.0;63.0;100.0;160.0;250.0;400.0;630.0;1000.0;1600.0;2500.0;4000.0;6300.0;10000.0;16000.0;4;4;3.5;1;0;-0.5;-2;0;2;0;0;1;3;4;4.5"
tone_filtertype=0
tone_interpolation=0
tube_enable=false
tube_pregain=153
