bass_enable=true
bass_maxgain=6
compression_aggressiveness=847
compression_enable=false
compression_maxatk=51
compression_maxrel=300
convolver_enable=false
convolver_file="/home/dnordstrom/.config/jamesdsp/irs/CorredHRTF_Surround2.wav"
convolver_optimization_mode=2
convolver_waveform_edit="-40;0;0;0;0;0;"
crossfeed_bs2b_fcut=666
crossfeed_bs2b_feed=30
crossfeed_enable=true
crossfeed_mode=99
ddc_enable=true
ddc_file="/home/dnordstrom/.config/jamesdsp/vdc/mh750.vdc"
graphiceq_enable=true
graphiceq_param="GraphicEQ: 20 -0.3; 21 -0.2; 22 -0.2; 23 -0.2; 24 -0.3; 26 -0.3; 27 -0.4; 29 -0.4; 30 -0.5; 32 -0.6; 34 -0.8; 36 -1; 38 -1.3; 40 -1.3; 43 -1.4; 45 -1.4; 48 -1.5; 50 -1.6; 53 -1.9; 56 -2.2; 59 -2.5; 63 -2.9; 66 -3.2; 70 -3.4; 74 -3.6; 78 -3.8; 83 -4; 87 -4.1; 92 -4.3; 97 -4.6; 103 -4.8; 109 -5; 115 -5.2; 121 -5.4; 128 -5.6; 136 -5.8; 143 -5.9; 151 -6.1; 160 -6.2; 169 -6.3; 178 -6.4; 188 -6.4; 199 -6.5; 210 -6.4; 222 -6.3; 235 -6.1; 248 -5.9; 262 -5.6; 277 -5.3; 292 -4.9; 309 -4.5; 326 -4.2; 345 -3.9; 364 -3.6; 385 -3.5; 406 -3.5; 429 -3.6; 453 -3.7; 479 -3.9; 506 -4; 534 -4.1; 565 -4.3; 596 -4.4; 630 -4.6; 665 -4.7; 703 -4.8; 743 -4.9; 784 -4.9; 829 -5; 875 -5.3; 924 -5.5; 977 -5.8; 1032 -6; 1090 -6.1; 1151 -6.2; 1216 -6.2; 1284 -6.3; 1357 -6.3; 1433 -6.5; 1514 -6.6; 1599 -6.3; 1689 -6; 1784 -5.7; 1885 -5.3; 1991 -5; 2103 -4.6; 2221 -4.2; 2347 -3.7; 2479 -3.4; 2618 -3.2; 2766 -2.9; 2921 -2.5; 3086 -2.2; 3260 -2.1; 3443 -1.7; 3637 -1.3; 3842 -1; 4058 -0.7; 4287 -1.2; 4528 -2.1; 4783 -3.4; 5052 -4.6; 5337 -6; 5637 -7.7; 5955 -8.2; 6290 -7.2; 6644 -5.4; 7018 -4; 7414 -3.4; 7831 -3.2; 8272 -2.7; 8738 -2.3; 9230 -1.9; 9749 -1.6; 10298 -1.6; 10878 -2.2; 11490 -3; 12137 -3.9; 12821 -5.1; 13543 -6.4; 14305 -7.9; 15110 -9.6; 15961 -11.4; 16860 -13.5; 17809 -15.7; 18812 -18.1; 19871 -20.7"
liveprog_enable=false
liveprog_file="/home/dnordstrom/.config/jamesdsp/liveprog/3bandSplitting.eel"
master_enable=true
master_limrelease=250
master_limthreshold=-10
master_postgain=0
reverb_bassboost=0.10000
reverb_decay=1.20000
reverb_delay=0.00000
reverb_enable=true
reverb_finaldry=-6.00000
reverb_finalwet=-7.00000
reverb_lfo_spin=0.40000
reverb_lfo_wander=0.30000
reverb_lpf_bass=300
reverb_lpf_damp=10000
reverb_lpf_input=18000
reverb_lpf_output=18000
reverb_osf=1
reverb_reflection_amount=0.50000
reverb_reflection_factor=1.20000
reverb_reflection_width=0.60000
reverb_wet=-70.00000
reverb_width=0.90000
stereowide_enable=false
stereowide_level=31
tone_enable=false
tone_eq="25.0;40.0;63.0;100.0;160.0;250.0;400.0;630.0;1000.0;1600.0;2500.0;4000.0;6300.0;10000.0;16000.0;4;4;3.5;1;0;-0.5;-2;0;2;0;0;1;3;4;4.5"
tone_filtertype=0
tone_interpolation=0
tube_enable=true
tube_pregain=50
